10001100000000010000000000000000
10101100010001110000000000000010
10101100010001110000000000000010
00000001000010010001100000100000
00000001001010000110000000100100
00000001111010000010000000100101
00000001111010000010000000100101
00000001111010000010000000100101
00000001111010000010000000100101
00000001111010000010000000100101
00000001111010000010000000100101
00000001111010000010000000100101
00000001111010000010000000100101
00000001111010000010000000100101
00000001111010000010000000100101
00000001111010000010000000100101
00000001111010000010000000100101
00000001111010000010000000100101
00000001111010000010000000100101
00000001111010000010000000100101
00000001111010000010000000100101
00000001111010000010000000100101
00000001111010000010000000100101
00000001111010000010000000100101