00000000000000000000000000000000
00000000000000000000000000000111
00000000000000000000000000000101
00000000000000000000000000000001
00000000000000000000000000000000
00000000000000000000000000010000
00000000000000000000000000001000
00000000000000000000000000001100
00000000000000000000000000000011
00000000000000000000000000100000
00000000000000000000000000000000
00000000000000000000000000000000
00000000000000000000000000000000
00000000000000000000000000000000
00000000000000000000000000000000
00000000000000000000000000000000
00000000000000000000000000000000
00000000000000000000000000000000
00000000000000000000000000000000
00000000000000000000000000000000
00000000000000000000000000000000
00000000000000000000000000000000
00000000000000000000000000000000
00000000000000000000000000000000
00000000000000000000000000000000
00000000000000000000000000000000
00000000000000000000000000000000
00000000000000000000000000000000
00000000000000000000000000000000
00000000000000000000000000000000
00000000000000000000000000000000
00000000000000000000000000000000